TIME_UNITS s
DATA_UNITS kg/s
0	-0.086992234
86400	-0.086992234
172800	-0.086992234
259200	-0.086992234
345600	-0.086992234
432000	-0.086992234
518400	-0.086992234
604800	-0.086992234
691200	-0.086992234
777600	-0.086992234
864000	-0.086992234
950400	-0.086992234
1036800	-0.086992234
1123200	-0.086992234
1209600	-0.086992234
1296000	-0.086992234
1382400	-0.086992234
1468800	-0.086992234
1555200	-0.086992234
1641600	-0.086992234
1728000	-0.086992234
1814400	-0.086992234
1900800	-0.086992234
1987200	-0.086992234
2073600	-0.086992234
2160000	-0.086992234
2246400	-0.086992234
2332800	-0.086992234
2419200	-0.086992234
2505600	-0.086992234
2592000	-0.086992234
2678400	-0.096312831
2764800	-0.096312831
2851200	-0.096312831
2937600	-0.096312831
3024000	-0.096312831
3110400	-0.096312831
3196800	-0.096312831
3283200	-0.096312831
3369600	-0.096312831
3456000	-0.096312831
3542400	-0.096312831
3628800	-0.096312831
3715200	-0.096312831
3801600	-0.096312831
3888000	-0.096312831
3974400	-0.096312831
4060800	-0.096312831
4147200	-0.096312831
4233600	-0.096312831
4320000	-0.096312831
4406400	-0.096312831
4492800	-0.096312831
4579200	-0.096312831
4665600	-0.096312831
4752000	-0.096312831
4838400	-0.096312831
4924800	-0.096312831
5011200	-0.096312831
5097600	-0.173984468
5184000	-0.173984468
5270400	-0.173984468
5356800	-0.173984468
5443200	-0.173984468
5529600	-0.173984468
5616000	-0.173984468
5702400	-0.173984468
5788800	-0.173984468
5875200	-0.173984468
5961600	-0.173984468
6048000	-0.173984468
6134400	-0.173984468
6220800	-0.173984468
6307200	-0.173984468
6393600	-0.173984468
6480000	-0.173984468
6566400	-0.173984468
6652800	-0.173984468
6739200	-0.173984468
6825600	-0.173984468
6912000	-0.173984468
6998400	-0.173984468
7084800	-0.173984468
7171200	-0.173984468
7257600	-0.173984468
7344000	-0.173984468
7430400	-0.173984468
7516800	-0.173984468
7603200	-0.173984468
7689600	-0.173984468
7776000	-0.179783951
7862400	-0.179783951
7948800	-0.179783951
8035200	-0.179783951
8121600	-0.179783951
8208000	-0.179783951
8294400	-0.179783951
8380800	-0.179783951
8467200	-0.179783951
8553600	-0.179783951
8640000	-0.179783951
8726400	-0.179783951
8812800	-0.179783951
8899200	-0.179783951
8985600	-0.179783951
9072000	-0.179783951
9158400	-0.179783951
9244800	-0.179783951
9331200	-0.179783951
9417600	-0.179783951
9504000	-0.179783951
9590400	-0.179783951
9676800	-0.179783951
9763200	-0.179783951
9849600	-0.179783951
9936000	-0.179783951
10022400	-0.179783951
10108800	-0.179783951
10195200	-0.179783951
10281600	-0.179783951
10368000	-0.347968937
10454400	-0.347968937
10540800	-0.347968937
10627200	-0.347968937
10713600	-0.347968937
10800000	-0.347968937
10886400	-0.347968937
10972800	-0.347968937
11059200	-0.347968937
11145600	-0.347968937
11232000	-0.347968937
11318400	-0.347968937
11404800	-0.347968937
11491200	-0.347968937
11577600	-0.347968937
11664000	-0.347968937
11750400	-0.347968937
11836800	-0.347968937
11923200	-0.347968937
12009600	-0.347968937
12096000	-0.347968937
12182400	-0.347968937
12268800	-0.347968937
12355200	-0.347968937
12441600	-0.347968937
12528000	-0.347968937
12614400	-0.347968937
12700800	-0.347968937
12787200	-0.347968937
12873600	-0.347968937
12960000	-0.347968937
13046400	-0.539351852
13132800	-0.539351852
13219200	-0.539351852
13305600	-0.539351852
13392000	-0.539351852
13478400	-0.539351852
13564800	-0.539351852
13651200	-0.539351852
13737600	-0.539351852
13824000	-0.539351852
13910400	-0.539351852
13996800	-0.539351852
14083200	-0.539351852
14169600	-0.539351852
14256000	-0.539351852
14342400	-0.539351852
14428800	-0.539351852
14515200	-0.539351852
14601600	-0.539351852
14688000	-0.539351852
14774400	-0.539351852
14860800	-0.539351852
14947200	-0.539351852
15033600	-0.539351852
15120000	-0.539351852
15206400	-0.539351852
15292800	-0.539351852
15379200	-0.539351852
15465600	-0.539351852
15552000	-0.539351852
15638400	-0.521953405
15724800	-0.521953405
15811200	-0.521953405
15897600	-0.521953405
15984000	-0.521953405
16070400	-0.521953405
16156800	-0.521953405
16243200	-0.521953405
16329600	-0.521953405
16416000	-0.521953405
16502400	-0.521953405
16588800	-0.521953405
16675200	-0.521953405
16761600	-0.521953405
16848000	-0.521953405
16934400	-0.521953405
17020800	-0.521953405
17107200	-0.521953405
17193600	-0.521953405
17280000	-0.521953405
17366400	-0.521953405
17452800	-0.521953405
17539200	-0.521953405
17625600	-0.521953405
17712000	-0.521953405
17798400	-0.521953405
17884800	-0.521953405
17971200	-0.521953405
18057600	-0.521953405
18144000	-0.521953405
18230400	-0.521953405
18316800	-0.347968937
18403200	-0.347968937
18489600	-0.347968937
18576000	-0.347968937
18662400	-0.347968937
18748800	-0.347968937
18835200	-0.347968937
18921600	-0.347968937
19008000	-0.347968937
19094400	-0.347968937
19180800	-0.347968937
19267200	-0.347968937
19353600	-0.347968937
19440000	-0.347968937
19526400	-0.347968937
19612800	-0.347968937
19699200	-0.347968937
19785600	-0.347968937
19872000	-0.347968937
19958400	-0.347968937
20044800	-0.347968937
20131200	-0.347968937
20217600	-0.347968937
20304000	-0.347968937
20390400	-0.347968937
20476800	-0.347968937
20563200	-0.347968937
20649600	-0.347968937
20736000	-0.347968937
20822400	-0.347968937
20908800	-0.347968937
20995200	-0.359567901
21081600	-0.359567901
21168000	-0.359567901
21254400	-0.359567901
21340800	-0.359567901
21427200	-0.359567901
21513600	-0.359567901
21600000	-0.359567901
21686400	-0.359567901
21772800	-0.359567901
21859200	-0.359567901
21945600	-0.359567901
22032000	-0.359567901
22118400	-0.359567901
22204800	-0.359567901
22291200	-0.359567901
22377600	-0.359567901
22464000	-0.359567901
22550400	-0.359567901
22636800	-0.359567901
22723200	-0.359567901
22809600	-0.359567901
22896000	-0.359567901
22982400	-0.359567901
23068800	-0.359567901
23155200	-0.359567901
23241600	-0.359567901
23328000	-0.359567901
23414400	-0.359567901
23500800	-0.359567901
23587200	-0.521953405
23673600	-0.521953405
23760000	-0.521953405
23846400	-0.521953405
23932800	-0.521953405
24019200	-0.521953405
24105600	-0.521953405
24192000	-0.521953405
24278400	-0.521953405
24364800	-0.521953405
24451200	-0.521953405
24537600	-0.521953405
24624000	-0.521953405
24710400	-0.521953405
24796800	-0.521953405
24883200	-0.521953405
24969600	-0.521953405
25056000	-0.521953405
25142400	-0.521953405
25228800	-0.521953405
25315200	-0.521953405
25401600	-0.521953405
25488000	-0.521953405
25574400	-0.521953405
25660800	-0.521953405
25747200	-0.521953405
25833600	-0.521953405
25920000	-0.521953405
26006400	-0.521953405
26092800	-0.521953405
26179200	-0.521953405
26265600	-0.179783951
26352000	-0.179783951
26438400	-0.179783951
26524800	-0.179783951
26611200	-0.179783951
26697600	-0.179783951
26784000	-0.179783951
26870400	-0.179783951
26956800	-0.179783951
27043200	-0.179783951
27129600	-0.179783951
27216000	-0.179783951
27302400	-0.179783951
27388800	-0.179783951
27475200	-0.179783951
27561600	-0.179783951
27648000	-0.179783951
27734400	-0.179783951
27820800	-0.179783951
27907200	-0.179783951
27993600	-0.179783951
28080000	-0.179783951
28166400	-0.179783951
28252800	-0.179783951
28339200	-0.179783951
28425600	-0.179783951
28512000	-0.179783951
28598400	-0.179783951
28684800	-0.179783951
28771200	-0.179783951
28857600	-0.173984468
28944000	-0.173984468
29030400	-0.173984468
29116800	-0.173984468
29203200	-0.173984468
29289600	-0.173984468
29376000	-0.173984468
29462400	-0.173984468
29548800	-0.173984468
29635200	-0.173984468
29721600	-0.173984468
29808000	-0.173984468
29894400	-0.173984468
29980800	-0.173984468
30067200	-0.173984468
30153600	-0.173984468
30240000	-0.173984468
30326400	-0.173984468
30412800	-0.173984468
30499200	-0.173984468
30585600	-0.173984468
30672000	-0.173984468
30758400	-0.173984468
30844800	-0.173984468
30931200	-0.173984468
31017600	-0.173984468
31104000	-0.173984468
31190400	-0.173984468
31276800	-0.173984468
31363200	-0.173984468
31449600	-0.173984468

	

